8147
9057
1270
9131
6321
 975
2784
5465
9567
9640
1575
9695
9560
4847
7991
1417
4211
9141
7908
9576
6544
 357
8472
9318
6771
7558
7412
3912
6536
1707
7039
 318
2761
 461
 968
8205
6923
3159
9466
 344
4370
3800
7623
7918
1861
4876
4435
6433
7059
7510
2747
6762
6517
1618
1184
4956
9543
3385
5819
2225
7467
2536
5028
6947
8852
9530
5436
1377
1483
2558
8348
2525
8084
2418
9223
3474
1951
2492
6112
4696
3489
8241
5805
5452
9094
2834
7507
7471
3771
5628
 752
 535
5259
7719
9252
1287
5634
4648
 118
3338
1606
7862
3081
5231
1640
5957
2602
6471
6818
7400
4456
 829
2264
9030
1507
8163
5321
9844
 773
4374
1054
9502
  46
7654
8071
8578
 834
3947
2566
7897
4258
8987
1795
2603
1436
1343
8574
5718
5423
1430
8411
6133
3460
5059
3960
 749
2364
1215
1812
9853
4110
 489
8890
9303
4833
4817
3325
8859
3634
1095
7677
3835
2378
3973
 949
1298
9264
9401
5655
 588
2308
3471
8070
 152
 423
1661
6377
7187
6362
4429
5372
2910
7311
1855
6741
1801
3616
6139
7655
 796
9117
7609
4774
4275
4381
3004
4985
5007
8014
7790
6314
3710
7952
5220
3436
9197
8579
5388
6095
5748
2034
2949
4609
2256
8262
1906
2211
1670
2227
4262
3043
9029
4207
1807
8846
9577
4290
1086
2522
3994
5812
2562
5888
6946
2166
1147
2897
3112
4141
4957
 835
9768
7816
 286
9061
7124
4766
5642
2314
4474
9390
5331
5080
2258
4765
6081
6617
3854
3580
9623
 368
8620
8893
7752
 961
2550
3265
6616
1329
7018
1039
6360
4807
7578
6954
8788
8663
3249
6793
1923
 297
7231
4859
4663
8790
5925
6000
8347
7823
5600
1776
2330
8606
 279
4755
1630
9497
6915
4856
4570
 579
6614
 412
 693
5058
 938
7931
7924
7002
1453
6391
5025
9426
6287
9736
4395
4187
9985
 809
1290
1679
3784
8046
7774
 586
3863
5097
4032
6353
6073
2824
4174
 150
9512
1616
1027
3599
1915
4731
3280
9192
8889
 509
7125
2599
4083
5289
9100
9672
9487
2909
6765
6429
5201
6734
6428
1718
1235
9633
1650
 315
5409
8499
6449
1835
3555
4439
9456
9885
8239
6209
3623
1839
4123
4640
1161
5673
2177
3701
5609
2423
2794
5935
2551
7927
9448
7020
3306
5614
1036
8709
8452
7857
2505
5709
 217
4084
3003
1551
1717
4060
 905
5745
4519
6678
6715
6126
 323
 660
3065
5091
6275
3908
7861
6886
9284
5092
3116
1013
5853
7461
4056
 870
2552
1472
2691
4213
5046
4379
8378
4958
9778
6101
9162
2303
6467
2765
6424
6647
 651
2436
2142
6383
9827
3292
7458
6452
  65
5752
3694
8747
  11
4416
4051
4400
7351
3078
7488
4498
 342
1678
6885
4516
1457
3253
5791
1828
9969
2315
8744
2564
7294
1798
2739
 868
5488
6508
5205
4054
6136
6165
6463
6051
8995
1989
6749
2248
1136
5777
4281
4363
6294
7324
3330
6293
3956
8001
7915
2437
5828
5531
5136
9785
2515
3021
1132
8922
6128
4551
6068
5169
6142
5160
6840
9944
9425
2074
1004
1041
 603
3836
4250
3467
7235
5950
7314
8837
9214
1819
1316
6593
 889
4975
5021
8151
4589
3724
6354
7014
4920
3290
1419
5543
2479
 421
7138
2296
4182
6501
3395
6958
3730
6457
6651
4178
 185
3125
4007
9980
9955
7757
4058
9570
3692
7257
3744
7627
7122
3560
2038
7453
8951
3088
6328
4135
7855
7245
1576
8121
9325
4846
8329
5538
1458
1882
3832
7048
7771
7435
2998
5026
 847
1051
1282
9557
4657
1784
4655
1388
 517
7996
5269
8736
6546
5476
7660
8257
9288
   5
8127
9551
9294
4954
4501
7521
2139
4674
9608
5391
7928
6928
5496
9751
6249
 783
5868
6196
9486
9929
9205
7206
5447
8696
5434
 160
9494
8078
4534
7909
1961
9489
5895
 300
9389
3391
 464
4579
9814
1151
1922
1370
1768
 399
5937
2635
5033
6495
9716
5005
4159
1158
9353
7965
8159
2524
1946
5273
5976
3892
9350
8844
 766
 986
1325
1553
5790
5349
 486
8680
6792
6876
 591
8017
8705
9170
9503
7316
4781
1654
3711
1247
 288
8741
2804
2750
3098
4346
6030
 235
7833
5199
7942
3235
4147
 505
1647
6160
3075
9371
1098
9182
5016
6566
9282
2673
3849
4316
7092
7594
 931
1653
3337
 527
4842
3115
9704
1938
8393
6262
4343
8455
 964
6909
6823
5206
9970
5532
2779
1243
1969
8287
 662
2245
 498
4089
 123
8302
1820
 864
2844
4219
 941
9370
3071
2749
 574
2757
 429
4671
7036
5831
 831
 747
7179
8359
4929
1008
7624
3121
2714
6888
  96
 448
6163
5567
4853
6731
6523
9369
2656
6385
5132
3655
 568
7190
3111
5601
6829
 966
1178
5061
4468
8199
7356
6760
 473
 671
 815
7346
8676
6290
9852
9561
1015
1081
5891
3023
6010
9585
5360
6801
2158
6753
8916
7963
 792
3365
3390
9199
5490
7246
3375
1891
9810
7083
1887
3562
9209
2100
5887
4443
1393
7168
 923
2696
2176
4865
 839
3714
9735
1029
7184
2670
5526
8830
3959
9728
6939
9855
5998
1005
8543
1715
2435
7297
4459
7031
3621
2495
 341
6154
3926
4128
5572
 543
2885
7058
9153
1145
1189
 844
  72
3862
5983
6597
9986
 993
5763
1154
1225
 900
1296
1534
1790
2894
2884
1983
2288
8136
6407
5063
1680
1931
 705
8321
6434
5078
2853
1513
5665
8990
9601
2346
3610
 673
6222
3659
8936
3657
9752
1404
3466
1465
6889
9878
3187
6227
2672
4819
7559
5425
3044
2717
4108
9479
3264
5066
6737
3850
3895
1133
 222
2632
2879
5926
8674
8481
4150
2179
6921
6879
6709
6736
 960
6172
4195
1921
 892
7455
1584
1481
6026
8092
4673
6356
1390
8623
4891
6146
 331
7315
6767
1087
4745
2944
4937
3604
3750
1633
2307
 186
8339
5901
8418
1476
8312
7171
5210
3970
2324
6782
2063
9699
6919
9517
6447
5787
3777
3522
7354
2860
7338
7108
7676
4554
5724
8561
3997
 541
7801
6522
