6312
3551
9968
2241
6522
6047
3870
1421
 252
4207
1839
7250
3699
8404
7332
5702
1766
9557
2649
9228
2234
3728
 873
6386
1802
 450
7213
3465
6588
3828
6255
 216
9076
7979
7433
8102
3819
6150
5733
5280
2740
2476
4497
2268
8009
9816
 299
5331
 867
7981
9842
 666
9345
 181
6801
7794
5311
8803
8938
6222
1371
2165
1810
 416
1063
6124
9334
3521
4078
9775
9389
6718
9811
7612
3342
6574
2423
2933
6749
5237
4083
5977
7443
5787
5472
5786
5074
 819
7132
9872
3514
9624
3433
8783
4504
4095
2157
1245
3059
7189
7750
6868
  98
8345
9127
7628
 423
3742
6967
7215
2218
2661
6655
4721
6166
2338
1751
8199
7578
9233
1066
1801
 979
4837
1909
8847
9877
 437
5502
7625
3079
1767
3345
2074
5033
8941
6204
1002
3855
 539
4943
4256
9833
8000
4787
8814
1356
3843
9136
9038
7028
6090
3381
9217
1229
7192
6364
8200
3920
7379
8218
3173
5433
9631
5403
3250
6092
3546
7438
4069
4840
6828
9560
3221
8232
7261
9373
 314
3505
6508
2765
2262
6982
6131
5797
6482
 467
3423
4429
2364
7014
8398
2761
7169
1351
8204
1359
5766
3589
7907
4937
4798
8593
3460
4403
9437
 415
9528
1853
6532
5741
6609
3534
6071
7938
 189
 821
9536
6371
9818
3946
1194
2625
2521
3243
1488
3402
1189
8640
 922
9086
3898
 463
3344
7187
7760
5320
6699
8723
 535
2964
 451
1908
7026
7041
8563
5681
 690
8998
7804
2788
5300
9599
6975
8176
4222
4586
5463
2622
7296
4908
6299
2997
9805
4630
3529
7671
7594
6506
1299
 210
5447
2927
9137
9540
9749
7787
8712
5809
9797
9173
5337
7078
5604
9991
4338
6278
5062
3616
9100
8054
8243
3617
5758
8469
9059
6487
2007
6344
 699
3945
6468
9055
7863
4698
7336
4043
9419
9575
8374
3768
4406
2390
7598
8551
8849
5406
5799
1442
8710
4360
1991
8706
9840
8539
2757
6513
6425
1188
3939
2662
6929
9959
8663
7989
3770
4812
6714
8061
5890
5552
3149
4408
6893
9675
6960
 180
9673
4233
4225
1130
7861
3134
2376
3306
3624
5271
5419
3817
3838
4968
6338
9164
6961
9861
8015
1295
 583
 812
1579
3122
2906
 113
5198
 918
1411
6074
8269
9823
5492
9589
5324
4958
3180
4135
4729
 683
8533
 622
4192
7944
3791
5894
7864
8513
8943
1833
2483
8621
5697
9876
5882
9606
5105
1939
4355
4105
9267
5947
6669
6906
3327
4957
9718
1501
5387
6659
4087
8013
7007
3449
4351
3701
7427
7031
4120
6642
9048
7506
6753
1047
3731
5654
4395
 482
2188
7978
 150
8258
 747
6396
4782
2084
9742
1168
6413
5728
9760
9860
1457
 188
4156
7946
9607
4965
8245
 933
8665
1031
4933
1366
5336
  44
7312
8093
8741
9409
4815
2587
 961
9829
5580
7269
 791
6302
4924
1629
8937
5622
4195
8967
6243
4302
7991
5068
5270
6470
3493
2276
5506
8244
3868
1071
4220
2854
3815
7920
3836
3708
3425
1333
2471
 825
9931
2443
2825
4034
1132
4699
6704
2312
7449
 703
3737
  33
2093
  13
1794
9736
2542
1658
1315
5676
9655
8901
2096
4573
3562
4961
2509
 648
4132
1646
 248
9037
4076
9710
7214
  70
6434
6678
6102
5224
2063
7303
2156
3506
8422
8094
3803
3005
5751
8599
8588
5588
3141
8056
4178
9476
9822
5026
6763
1693
3176
1772
3038
3810
5175
 460
5213
2592
2277
2293
1454
9015
8818
7715
6862
1657
3395
1779
  12
2980
9971
5887
5113
4133
2706
4722
7167
7174
5420
7034
6072
1159
4744
3266
9951
1390
1863
6319
4056
6526
2413
  92
5001
9777
8887
9605
3688
 234
6304
7859
9119
9552
4226
5466
6443
9921
6098
6818
9453
5454
1089
 541
9185
2670
5577
9017
1741
1809
3201
8739
3659
2559
1423
3719
3509
1228
4072
 857
5752
 103
5364
7388
2202
4191
5325
 575
4641
6006
2069
7824
9967
7910
9614
2606
9746
2214
8942
5793
5606
1612
 844
2383
8014
8503
6529
6767
2145
5375
7562
3767
9219
 840
2993
4768
 565
6765
5188
4934
7734
8002
7351
2961
4212
7006
1024
1022
2513
4884
9054
6612
2903
2713
7912
8482
9591
9646
9497
7795
5437
8815
 568
5435
2650
7693
1775
4112
3655
7679
6287
1929
2954
1243
6234
5301
1576
9939
4419
8427
5124
 306
 500
7467
4187
3549
7322
3378
4935
6597
8077
3046
6024
9032
 704
5438
3834
2863
2444
9756
9214
1728
7231
1813
9184
7424
3925
6743
4610
7483
3297
 678
5465
8415
1792
3997
6924
 363
8745
7056
5163
1699
4600
4783
9181
7893
8885
6268
3725
8629
4425
2139
3657
6505
5153
6979
9234
8875
9319
8886
9879
 475
2805
5347
4893
8303
4980
3979
4998
6561
 154
7375
1312
4405
9810
3397
9848
1561
2565
1824
1795
3006
8096
4332
3715
1648
8907
3745
7761
5655
3461
8059
7210
4271
7476
8251
3942
3070
5478
8280
6444
3464
6744
8754
9212
4955
9505
 654
1669
 853
4250
  86
8388
5891
  14
 279
1911
4168
1166
  80
9583
9930
7146
3998
9243
9758
 455
 834
5436
2206
7697
7841
9854
4471
2015
9348
9739
9891
3177
4216
5843
8382
1477
6538
5278
3958
8075
9801
1635
5782
5696
2994
7328
9121
8951
9405
2119
9997
5540
1011
3716
9661
4997
3364
1899
4019
8713
1131
4289
7806
 396
9738
8915
2580
1218
6239
8278
5560
8190
1761
6864
3150
3808
1417
7448
5683
6715
7320
 612
8642
4522
6863
6746
7551
1422
4154
5614
8466
7583
8130
5289
5290
9764
 317
8035
3700
 331
6769
1405
1306
5495
2308
2939
3643
3684
3501
5527
1513
1705
 858
2928
6971
2121
6705
6273
7461
7495
2656
2800
4733
2944
7526
7330
5039
2379
6155
2113
4127
3477
4869
8964
6825
8860
2122
4776
 465
6837
9298
7741
8924
8392
3697
   4
4882
1875
1979
2940
 866
9251
6751
4900
3049
7505
4982
8632
8048
3213
9524
3124
5611
7176
6719
9111
7406
 227
3732
6585
9407
9645
6321
